1: { layout: [{"X":127,"Y":1002}], weight: [50,40,20,20,40,40,20,40,20,20,20,40,20,20,20,20,20] },
2: { layout: [{"X":127,"Y":1002}], weight: [50,40,20,20,40,40,20,40,20,20,20,40,20,20,20,20,20] },
3: { layout: [{"X":127,"Y":1002}], weight: [50,40,20,20,40,40,20,40,20,20,20,40,20,20,20,20,20] },
4: { layout: [{"X":127,"Y":1002}], weight: [50,40,20,20,40,40,20,40,20,20,20,40,20,20,20,20,20] },
5: { layout: [{"X":127,"Y":1002}], weight: [50,40,20,20,40,40,20,40,20,20,20,40,20,20,20,20,20] },
6: { layout: [{"X":127,"Y":1002}], weight: [50,40,20,20,40,40,20,40,20,20,20,40,20,20,20,20,20] },
7: { layout: [{"X":127,"Y":1002}], weight: [50,40,20,20,40,40,20,40,20,20,20,40,20,20,20,20,20] },
8: { layout: [{"X":127,"Y":1002}], weight: [50,40,20,20,40,40,20,40,20,20,20,40,20,20,20,20,20] },
9: { layout: [{"X":127,"Y":1002}], weight: [50,40,20,20,40,40,20,40,20,20,20,40,20,20,20,20,20] },
10: { layout: [{"X":127,"Y":1002}], weight: [50,40,20,20,40,40,20,40,20,20,20,40,20,20,20,20,20] },
11: { layout: [{"X":127,"Y":1002}], weight: [50,40,20,20,40,40,20,40,20,20,20,40,20,20,20,20,20] },
12: { layout: [{"X":127,"Y":1002}], weight: [50,40,20,20,40,40,20,40,20,20,20,40,20,20,20,20,20] },
13: { layout: [{"X":127,"Y":1002}], weight: [50,40,20,20,40,40,20,40,20,20,20,40,20,20,20,20,20] },
14: { layout: [{"X":127,"Y":1002}], weight: [50,40,20,20,40,40,20,40,20,20,20,40,20,20,20,20,20] },
15: { layout: [{"X":127,"Y":1002}], weight: [50,40,20,20,40,40,20,40,20,20,20,40,20,20,20,20,20] },
16: { layout: [{"X":127,"Y":1002}], weight: [50,40,20,20,40,40,20,40,20,20,20,40,20,20,20,20,20] },
17: { layout: [{"X":127,"Y":1002}], weight: [50,40,20,20,40,40,20,40,20,20,20,40,20,20,20,20,20] },
18: { layout: [{"X":127,"Y":1002}], weight: [50,40,20,20,40,40,20,40,20,20,20,40,20,20,20,20,20] },
19: { layout: [{"X":127,"Y":1002}], weight: [50,40,20,20,40,40,20,40,20,20,20,40,20,20,20,20,20] },
20: { layout: [{"X":127,"Y":1002}], weight: [50,40,20,20,40,40,20,40,20,20,20,40,20,20,20,20,20] },
21: { layout: [{"X":127,"Y":1002}], weight: [50,40,20,20,40,40,20,40,20,20,20,40,20,20,20,20,20] },
22: { layout: [{"X":127,"Y":1002}], weight: [50,40,20,20,40,40,20,40,20,20,20,40,20,20,20,20,20] },
23: { layout: [{"X":127,"Y":1002}], weight: [50,40,20,20,40,40,20,40,20,20,20,40,20,20,20,20,20] },
24: { layout: [{"X":127,"Y":1002}], weight: [50,40,20,20,40,40,20,40,20,20,20,40,20,20,20,20,20] },
25: { layout: [{"X":127,"Y":1002}], weight: [50,40,20,20,40,40,20,40,20,20,20,40,20,20,20,20,20] },
26: { layout: [{"X":127,"Y":1002}], weight: [50,40,20,20,40,40,20,40,20,20,20,40,20,20,20,20,20] },
27: { layout: [{"X":127,"Y":1002}], weight: [50,40,20,20,40,40,20,40,20,20,20,40,20,20,20,20,20] },
28: { layout: [{"X":127,"Y":1002}], weight: [50,40,20,20,40,40,20,40,20,20,20,40,20,20,20,20,20] },
29: { layout: [{"X":127,"Y":1002}], weight: [50,40,20,20,40,40,20,40,20,20,20,40,20,20,20,20,20] },
30: { layout: [{"X":127,"Y":1002}], weight: [50,40,20,20,40,40,20,40,20,20,20,40,20,20,20,20,20] },
31: { layout: [{"X":127,"Y":1002}], weight: [50,40,20,20,40,40,20,40,20,20,20,40,20,20,20,20,20] },
32: { layout: [{"X":127,"Y":1002}], weight: [50,40,20,20,40,40,20,40,20,20,20,40,20,20,20,20,20] },
33: { layout: [{"X":127,"Y":1002}], weight: [50,40,20,20,40,40,20,40,20,20,20,40,20,20,20,20,20] },
34: { layout: [{"X":127,"Y":1002}], weight: [50,40,20,20,40,40,20,40,20,20,20,40,20,20,20,20,20] },
35: { layout: [{"X":127,"Y":1002}], weight: [50,40,20,20,40,40,20,40,20,20,20,40,20,20,20,20,20] },
36: { layout: [{"X":127,"Y":1002}], weight: [50,40,20,20,40,40,20,40,20,20,20,40,20,20,20,20,20] },
37: { layout: [{"X":127,"Y":1002}], weight: [50,40,20,20,40,40,20,40,20,20,20,40,20,20,20,20,20] },
38: { layout: [{"X":127,"Y":1002}], weight: [50,40,20,20,40,40,20,40,20,20,20,40,20,20,20,20,20] },
39: { layout: [{"X":127,"Y":1002}], weight: [50,40,20,20,40,40,20,40,20,20,20,40,20,20,20,20,20] },
40: { layout: [{"X":127,"Y":1002}], weight: [50,40,20,20,40,40,20,40,20,20,20,40,20,20,20,20,20] },
41: { layout: [{"X":127,"Y":1002}], weight: [50,40,20,20,40,40,20,40,20,20,20,40,20,20,20,20,20] },
42: { layout: [{"X":127,"Y":1002}], weight: [50,40,20,20,40,40,20,40,20,20,20,40,20,20,20,20,20] },
43: { layout: [{"X":127,"Y":1002}], weight: [50,40,20,20,40,40,20,40,20,20,20,40,20,20,20,20,20] },
44: { layout: [{"X":127,"Y":1002}], weight: [50,40,20,20,40,40,20,40,20,20,20,40,20,20,20,20,20] },
45: { layout: [{"X":127,"Y":1002}], weight: [50,40,20,20,40,40,20,40,20,20,20,40,20,20,20,20,20] },
46: { layout: [{"X":127,"Y":1002}], weight: [50,40,20,20,40,40,20,40,20,20,20,40,20,20,20,20,20] },
47: { layout: [{"X":127,"Y":1002}], weight: [50,40,20,20,40,40,20,40,20,20,20,40,20,20,20,20,20] },
48: { layout: [{"X":127,"Y":1002}], weight: [50,40,20,20,40,40,20,40,20,20,20,40,20,20,20,20,20] },
49: { layout: [{"X":127,"Y":1002}], weight: [50,40,20,20,40,40,20,40,20,20,20,40,20,20,20,20,20] },
50: { layout: [{"X":127,"Y":1002}], weight: [50,40,20,20,40,40,20,40,20,20,20,40,20,20,20,20,20] },
51: { layout: [{"X":127,"Y":1002}], weight: [50,40,20,20,40,40,20,40,20,20,20,40,20,20,20,20,20] },
52: { layout: [{"X":127,"Y":1002}], weight: [50,40,20,20,40,40,20,40,20,20,20,40,20,20,20,20,20] },
53: { layout: [{"X":127,"Y":1002}], weight: [50,40,20,20,40,40,20,40,20,20,20,40,20,20,20,20,20] },
54: { layout: [{"X":127,"Y":1002}], weight: [50,40,20,20,40,40,20,40,20,20,20,40,20,20,20,20,20] },
55: { layout: [{"X":127,"Y":1002}], weight: [50,40,20,20,40,40,20,40,20,20,20,40,20,20,20,20,20] },
56: { layout: [{"X":127,"Y":1002}], weight: [50,40,20,20,40,40,20,40,20,20,20,40,20,20,20,20,20] },
57: { layout: [{"X":127,"Y":1002}], weight: [50,40,20,20,40,40,20,40,20,20,20,40,20,20,20,20,20] },
58: { layout: [{"X":127,"Y":1002}], weight: [50,40,20,20,40,40,20,40,20,20,20,40,20,20,20,20,20] },
59: { layout: [{"X":127,"Y":1002}], weight: [50,40,20,20,40,40,20,40,20,20,20,40,20,20,20,20,20] },
60: { layout: [{"X":127,"Y":1002}], weight: [50,40,20,20,40,40,20,40,20,20,20,40,20,20,20,20,20] },
61: { layout: [{"X":127,"Y":1002}], weight: [50,40,20,20,40,40,20,40,20,20,20,40,20,20,20,20,20] },
62: { layout: [{"X":127,"Y":1002}], weight: [50,40,20,20,40,40,20,40,20,20,20,40,20,20,20,20,20] },
63: { layout: [{"X":127,"Y":1002}], weight: [50,40,20,20,40,40,20,40,20,20,20,40,20,20,20,20,20] },
64: { layout: [{"X":127,"Y":1002}], weight: [50,40,20,20,40,40,20,40,20,20,20,40,20,20,20,20,20] },
65: { layout: [{"X":127,"Y":1002}], weight: [50,40,20,20,40,40,20,40,20,20,20,40,20,20,20,20,20] },
66: { layout: [{"X":127,"Y":1002}], weight: [50,40,20,20,40,40,20,40,20,20,20,40,20,20,20,20,20] },
67: { layout: [{"X":127,"Y":1002}], weight: [50,40,20,20,40,40,20,40,20,20,20,40,20,20,20,20,20] },
68: { layout: [{"X":127,"Y":1002}], weight: [50,40,20,20,40,40,20,40,20,20,20,40,20,20,20,20,20] },
69: { layout: [{"X":127,"Y":1002}], weight: [50,40,20,20,40,40,20,40,20,20,20,40,20,20,20,20,20] },
70: { layout: [{"X":127,"Y":1002}], weight: [50,40,20,20,40,40,20,40,20,20,20,40,20,20,20,20,20] },
71: { layout: [{"X":127,"Y":1002}], weight: [50,40,20,20,40,40,20,40,20,20,20,40,20,20,20,20,20] },
100: { layout: [{"X":127,"Y":1002}], weight: [50,40,20,20,40,40,20,40,20,20,20,40,20,20,20,20,20] },
101: { layout: [{"X":127,"Y":1002}], weight: [50,40,20,20,40,40,20,40,20,20,20,40,20,20,20,20,20] },
102: { layout: [{"X":127,"Y":1002}], weight: [50,40,20,20,40,40,20,40,20,20,20,40,20,20,20,20,20] },
103: { layout: [{"X":127,"Y":1002}], weight: [50,40,20,20,40,40,20,40,20,20,20,40,20,20,20,20,20] },
104: { layout: [{"X":127,"Y":1002}], weight: [50,40,20,20,40,40,20,40,20,20,20,40,20,20,20,20,20] },
105: { layout: [{"X":127,"Y":1002}], weight: [50,40,20,20,40,40,20,40,20,20,20,40,20,20,20,20,20] },
106: { layout: [{"X":127,"Y":1002}], weight: [50,40,20,20,40,40,20,40,20,20,20,40,20,20,20,20,20] },
107: { layout: [{"X":127,"Y":1002}], weight: [50,40,20,20,40,40,20,40,20,20,20,40,20,20,20,20,20] },
108: { layout: [{"X":127,"Y":1002}], weight: [50,40,20,20,40,40,20,40,20,20,20,40,20,20,20,20,20] },
109: { layout: [{"X":127,"Y":1002}], weight: [50,40,20,20,40,40,20,40,20,20,20,40,20,20,20,20,20] },
110: { layout: [{"X":127,"Y":1002}], weight: [50,40,20,20,40,40,20,40,20,20,20,40,20,20,20,20,20] },
111: { layout: [{"X":127,"Y":1002}], weight: [50,40,20,20,40,40,20,40,20,20,20,40,20,20,20,20,20] },
112: { layout: [{"X":127,"Y":1002}], weight: [50,40,20,20,40,40,20,40,20,20,20,40,20,20,20,20,20] },
113: { layout: [{"X":127,"Y":1002}], weight: [50,40,20,20,40,40,20,40,20,20,20,40,20,20,20,20,20] },
114: { layout: [{"X":127,"Y":1002}], weight: [50,40,20,20,40,40,20,40,20,20,20,40,20,20,20,20,20] },
115: { layout: [{"X":127,"Y":1002}], weight: [50,40,20,20,40,40,20,40,20,20,20,40,20,20,20,20,20] },
116: { layout: [{"X":127,"Y":1002}], weight: [50,40,20,20,40,40,20,40,20,20,20,40,20,20,20,20,20] },
117: { layout: [{"X":127,"Y":1002}], weight: [50,40,20,20,40,40,20,40,20,20,20,40,20,20,20,20,20] },
118: { layout: [{"X":127,"Y":1002}], weight: [50,40,20,20,40,40,20,40,20,20,20,40,20,20,20,20,20] },
119: { layout: [{"X":127,"Y":1002}], weight: [50,40,20,20,40,40,20,40,20,20,20,40,20,20,20,20,20] },
120: { layout: [{"X":127,"Y":1002}], weight: [50,40,20,20,40,40,20,40,20,20,20,40,20,20,20,20,20] },
121: { layout: [{"X":127,"Y":1002}], weight: [50,40,20,20,40,40,20,40,20,20,20,40,20,20,20,20,20] },
122: { layout: [{"X":127,"Y":1002}], weight: [50,40,20,20,40,40,20,40,20,20,20,40,20,20,20,20,20] },
123: { layout: [{"X":127,"Y":1002}], weight: [50,40,20,20,40,40,20,40,20,20,20,40,20,20,20,20,20] },
124: { layout: [{"X":127,"Y":1002}], weight: [50,40,20,20,40,40,20,40,20,20,20,40,20,20,20,20,20] },
125: { layout: [{"X":127,"Y":1002}], weight: [50,40,20,20,40,40,20,40,20,20,20,40,20,20,20,20,20] },
126: { layout: [{"X":127,"Y":1002}], weight: [50,40,20,20,40,40,20,40,20,20,20,40,20,20,20,20,20] },
127: { layout: [{"X":127,"Y":1002}], weight: [50,40,20,20,40,40,20,40,20,20,20,40,20,20,20,20,20] },
128: { layout: [{"X":127,"Y":1002}], weight: [50,40,20,20,40,40,20,40,20,20,20,40,20,20,20,20,20] },
129: { layout: [{"X":127,"Y":1002}], weight: [50,40,20,20,40,40,20,40,20,20,20,40,20,20,20,20,20] },
130: { layout: [{"X":127,"Y":1002}], weight: [50,40,20,20,40,40,20,40,20,20,20,40,20,20,20,20,20] },
131: { layout: [{"X":127,"Y":1002}], weight: [50,40,20,20,40,40,20,40,20,20,20,40,20,20,20,20,20] },
132: { layout: [{"X":127,"Y":1002}], weight: [50,40,20,20,40,40,20,40,20,20,20,40,20,20,20,20,20] },
133: { layout: [{"X":127,"Y":1002}], weight: [50,40,20,20,40,40,20,40,20,20,20,40,20,20,20,20,20] },
134: { layout: [{"X":127,"Y":1002}], weight: [50,40,20,20,40,40,20,40,20,20,20,40,20,20,20,20,20] },
135: { layout: [{"X":127,"Y":1002}], weight: [50,40,20,20,40,40,20,40,20,20,20,40,20,20,20,20,20] },
136: { layout: [{"X":127,"Y":1002}], weight: [50,40,20,20,40,40,20,40,20,20,20,40,20,20,20,20,20] },
137: { layout: [{"X":127,"Y":1002}], weight: [50,40,20,20,40,40,20,40,20,20,20,40,20,20,20,20,20] },
138: { layout: [{"X":127,"Y":1002}], weight: [50,40,20,20,40,40,20,40,20,20,20,40,20,20,20,20,20] },
139: { layout: [{"X":127,"Y":1002}], weight: [50,40,20,20,40,40,20,40,20,20,20,40,20,20,20,20,20] },
140: { layout: [{"X":127,"Y":1002}], weight: [50,40,20,20,40,40,20,40,20,20,20,40,20,20,20,20,20] },
141: { layout: [{"X":127,"Y":1002}], weight: [50,40,20,20,40,40,20,40,20,20,20,40,20,20,20,20,20] },
142: { layout: [{"X":127,"Y":1002}], weight: [50,40,20,20,40,40,20,40,20,20,20,40,20,20,20,20,20] },
143: { layout: [{"X":127,"Y":1002}], weight: [50,40,20,20,40,40,20,40,20,20,20,40,20,20,20,20,20] },
144: { layout: [{"X":127,"Y":1002}], weight: [50,40,20,20,40,40,20,40,20,20,20,40,20,20,20,20,20] },
145: { layout: [{"X":127,"Y":1002}], weight: [50,40,20,20,40,40,20,40,20,20,20,40,20,20,20,20,20] },
146: { layout: [{"X":127,"Y":1002}], weight: [50,40,20,20,40,40,20,40,20,20,20,40,20,20,20,20,20] },
147: { layout: [{"X":127,"Y":1002}], weight: [50,40,20,20,40,40,20,40,20,20,20,40,20,20,20,20,20] },
148: { layout: [{"X":127,"Y":1002}], weight: [50,40,20,20,40,40,20,40,20,20,20,40,20,20,20,20,20] },
149: { layout: [{"X":127,"Y":1002}], weight: [50,40,20,20,40,40,20,40,20,20,20,40,20,20,20,20,20] },
150: { layout: [{"X":127,"Y":1002}], weight: [50,40,20,20,40,40,20,40,20,20,20,40,20,20,20,20,20] },
151: { layout: [{"X":127,"Y":1002}], weight: [50,40,20,20,40,40,20,40,20,20,20,40,20,20,20,20,20] },
152: { layout: [{"X":127,"Y":1002}], weight: [50,40,20,20,40,40,20,40,20,20,20,40,20,20,20,20,20] },
153: { layout: [{"X":127,"Y":1002}], weight: [50,40,20,20,40,40,20,40,20,20,20,40,20,20,20,20,20] },
154: { layout: [{"X":127,"Y":1002}], weight: [50,40,20,20,40,40,20,40,20,20,20,40,20,20,20,20,20] },
155: { layout: [{"X":127,"Y":1002}], weight: [50,40,20,20,40,40,20,40,20,20,20,40,20,20,20,20,20] },
156: { layout: [{"X":127,"Y":1002}], weight: [50,40,20,20,40,40,20,40,20,20,20,40,20,20,20,20,20] },
157: { layout: [{"X":127,"Y":1002}], weight: [50,40,20,20,40,40,20,40,20,20,20,40,20,20,20,20,20] },
158: { layout: [{"X":127,"Y":1002}], weight: [50,40,20,20,40,40,20,40,20,20,20,40,20,20,20,20,20] },
159: { layout: [{"X":127,"Y":1002}], weight: [50,40,20,20,40,40,20,40,20,20,20,40,20,20,20,20,20] },
160: { layout: [{"X":127,"Y":1002}], weight: [50,40,20,20,40,40,20,40,20,20,20,40,20,20,20,20,20] },
161: { layout: [{"X":127,"Y":1002}], weight: [50,40,20,20,40,40,20,40,20,20,20,40,20,20,20,20,20] },
162: { layout: [{"X":127,"Y":1002}], weight: [50,40,20,20,40,40,20,40,20,20,20,40,20,20,20,20,20] },
163: { layout: [{"X":127,"Y":1002}], weight: [50,40,20,20,40,40,20,40,20,20,20,40,20,20,20,20,20] },
164: { layout: [{"X":127,"Y":1002}], weight: [50,40,20,20,40,40,20,40,20,20,20,40,20,20,20,20,20] },
165: { layout: [{"X":127,"Y":1002}], weight: [50,40,20,20,40,40,20,40,20,20,20,40,20,20,20,20,20] },
166: { layout: [{"X":127,"Y":1002}], weight: [50,40,20,20,40,40,20,40,20,20,20,40,20,20,20,20,20] },
167: { layout: [{"X":127,"Y":1002}], weight: [50,40,20,20,40,40,20,40,20,20,20,40,20,20,20,20,20] },
168: { layout: [{"X":127,"Y":1002}], weight: [50,40,20,20,40,40,20,40,20,20,20,40,20,20,20,20,20] },
169: { layout: [{"X":127,"Y":1002}], weight: [50,40,20,20,40,40,20,40,20,20,20,40,20,20,20,20,20] },
170: { layout: [{"X":127,"Y":1002}], weight: [50,40,20,20,40,40,20,40,20,20,20,40,20,20,20,20,20] },
171: { layout: [{"X":127,"Y":1002}], weight: [50,40,20,20,40,40,20,40,20,20,20,40,20,20,20,20,20] },
172: { layout: [{"X":127,"Y":1002}], weight: [50,40,20,20,40,40,20,40,20,20,20,40,20,20,20,20,20] },
173: { layout: [{"X":127,"Y":1002}], weight: [50,40,20,20,40,40,20,40,20,20,20,40,20,20,20,20,20] },
174: { layout: [{"X":127,"Y":1002}], weight: [50,40,20,20,40,40,20,40,20,20,20,40,20,20,20,20,20] },
175: { layout: [{"X":127,"Y":1002}], weight: [50,40,20,20,40,40,20,40,20,20,20,40,20,20,20,20,20] },
176: { layout: [{"X":127,"Y":1002}], weight: [50,40,20,20,40,40,20,40,20,20,20,40,20,20,20,20,20] },
177: { layout: [{"X":127,"Y":1002}], weight: [50,40,20,20,40,40,20,40,20,20,20,40,20,20,20,20,20] },
178: { layout: [{"X":127,"Y":1002}], weight: [50,40,20,20,40,40,20,40,20,20,20,40,20,20,20,20,20] },
179: { layout: [{"X":127,"Y":1002}], weight: [50,40,20,20,40,40,20,40,20,20,20,40,20,20,20,20,20] },
180: { layout: [{"X":127,"Y":1002}], weight: [50,40,20,20,40,40,20,40,20,20,20,40,20,20,20,20,20] },
181: { layout: [{"X":127,"Y":1002}], weight: [50,40,20,20,40,40,20,40,20,20,20,40,20,20,20,20,20] },
182: { layout: [{"X":127,"Y":1002}], weight: [50,40,20,20,40,40,20,40,20,20,20,40,20,20,20,20,20] },
183: { layout: [{"X":127,"Y":1002}], weight: [50,40,20,20,40,40,20,40,20,20,20,40,20,20,20,20,20] },
184: { layout: [{"X":127,"Y":1002}], weight: [50,40,20,20,40,40,20,40,20,20,20,40,20,20,20,20,20] },
185: { layout: [{"X":127,"Y":1002}], weight: [50,40,20,20,40,40,20,40,20,20,20,40,20,20,20,20,20] },
186: { layout: [{"X":127,"Y":1002}], weight: [50,40,20,20,40,40,20,40,20,20,20,40,20,20,20,20,20] },
187: { layout: [{"X":127,"Y":1002}], weight: [50,40,20,20,40,40,20,40,20,20,20,40,20,20,20,20,20] },
188: { layout: [{"X":127,"Y":1002}], weight: [50,40,20,20,40,40,20,40,20,20,20,40,20,20,20,20,20] },
189: { layout: [{"X":127,"Y":1002}], weight: [50,40,20,20,40,40,20,40,20,20,20,40,20,20,20,20,20] },
200: { layout: [{"X":127,"Y":1002}], weight: [50,40,20,20,40,40,20,40,20,20,20,40,20,20,20,20,20] },
201: { layout: [{"X":127,"Y":1002}], weight: [50,40,20,20,40,40,20,40,20,20,20,40,20,20,20,20,20] },
202: { layout: [{"X":127,"Y":1002}], weight: [50,40,20,20,40,40,20,40,20,20,20,40,20,20,20,20,20] },
203: { layout: [{"X":127,"Y":1002}], weight: [50,40,20,20,40,40,20,40,20,20,20,40,20,20,20,20,20] },
